# Created by Octave 4.0.3, Fri Dec 28 22:24:36 2018 +03 <sukruozan@Sukrus-Mac-mini.local>
# name: v
# type: matrix
# rows: 10
# columns: 1
 399900
 329900
 369000
 232000
 539900
 299900
 314900
 198999
 212000
 242500


